20.0 500.0 0
20.0 540.0 2
20.0 580.0 6
20.0 620.0 11
20.0 660.0 11
20.0 700.0 12
20.0 740.0 13
20.0 820.0 13
20.0 860.0 14
20.0 780.0 14
60.0 660.0 14
100.0 700.0 15
140.0 700.0 15
60.0 700.0 12
60.0 740.0 12
100.0 740.0 12
140.0 740.0 12
140.0 780.0 12
100.0 780.0 12
60.0 780.0 12
60.0 820.0 12
100.0 820.0 12
140.0 820.0 12
60.0 860.0 12
100.0 860.0 12
140.0 860.0 12
180.0 700.0 11
180.0 740.0 11
180.0 780.0 11
180.0 820.0 11
180.0 860.0 11
220.0 860.0 11
220.0 820.0 11
260.0 820.0 11
260.0 860.0 11
300.0 820.0 11
300.0 860.0 11
340.0 860.0 11
380.0 860.0 11
420.0 860.0 11
460.0 860.0 11
500.0 860.0 11
540.0 860.0 11
580.0 860.0 11
620.0 860.0 11
660.0 860.0 11
700.0 860.0 11
740.0 860.0 11
780.0 860.0 11
820.0 860.0 11
860.0 860.0 11
900.0 860.0 11
940.0 860.0 11
980.0 860.0 11
1020.0 860.0 11
1060.0 860.0 11
1100.0 860.0 11
1140.0 860.0 11
1180.0 860.0 11
1220.0 860.0 11
1260.0 860.0 11
1300.0 860.0 11
1340.0 860.0 11
1340.0 820.0 11
1300.0 820.0 11
1260.0 820.0 11
1220.0 820.0 11
1180.0 820.0 11
1140.0 820.0 11
1100.0 820.0 11
1060.0 820.0 11
1020.0 820.0 11
980.0 820.0 11
940.0 820.0 11
900.0 820.0 11
860.0 820.0 11
820.0 820.0 11
780.0 820.0 11
740.0 820.0 11
700.0 820.0 11
660.0 820.0 11
620.0 820.0 11
580.0 820.0 11
540.0 820.0 11
500.0 820.0 11
460.0 820.0 11
420.0 820.0 11
380.0 820.0 11
340.0 820.0 11
1180.0 780.0 12
1220.0 780.0 12
1260.0 780.0 12
1300.0 780.0 12
1340.0 780.0 12
1180.0 740.0 12
1180.0 700.0 12
1180.0 660.0 12
1180.0 620.0 12
1220.0 620.0 12
1260.0 620.0 12
1300.0 620.0 12
1340.0 620.0 12
1340.0 660.0 12
1340.0 700.0 12
1340.0 740.0 12
1300.0 740.0 12
1260.0 740.0 12
1220.0 740.0 12
1220.0 700.0 12
1260.0 700.0 12
1300.0 700.0 12
1300.0 660.0 12
1260.0 660.0 12
1220.0 660.0 12
1180.0 380.0 12
1180.0 420.0 12
1180.0 460.0 12
1180.0 500.0 12
1180.0 540.0 12
1180.0 580.0 12
1220.0 580.0 12
1260.0 580.0 12
1300.0 580.0 12
1340.0 580.0 12
1340.0 540.0 12
1300.0 540.0 12
1260.0 540.0 12
1220.0 540.0 12
1220.0 500.0 12
1260.0 500.0 12
1300.0 500.0 12
1340.0 500.0 12
1340.0 460.0 12
1300.0 460.0 12
1220.0 460.0 12
1260.0 460.0 12
1220.0 420.0 12
1260.0 420.0 12
1300.0 420.0 12
1340.0 420.0 12
1340.0 380.0 12
1300.0 380.0 12
1260.0 380.0 12
1220.0 380.0 12
1180.0 340.0 12
1220.0 340.0 12
1260.0 340.0 12
1300.0 340.0 12
1340.0 340.0 12
1340.0 300.0 12
1300.0 300.0 12
1260.0 300.0 12
1220.0 300.0 12
1180.0 300.0 12
1180.0 260.0 12
1220.0 260.0 12
1260.0 260.0 12
1300.0 260.0 12
1340.0 260.0 12
1340.0 220.0 12
1300.0 220.0 12
1260.0 220.0 12
1220.0 220.0 12
1180.0 220.0 12
1180.0 180.0 12
1220.0 180.0 12
1260.0 180.0 12
1300.0 180.0 12
1340.0 180.0 12
1340.0 140.0 12
1300.0 140.0 12
1260.0 140.0 12
1220.0 140.0 12
1180.0 140.0 12
1180.0 100.0 12
1220.0 100.0 12
1260.0 100.0 12
1300.0 100.0 12
1340.0 100.0 12
1340.0 20.0 12
1300.0 60.0 12
1340.0 60.0 12
1300.0 20.0 12
1260.0 20.0 12
1260.0 60.0 12
1220.0 60.0 12
1220.0 20.0 12
1180.0 20.0 12
1180.0 60.0 12
660.0 20.0 11
700.0 20.0 11
740.0 20.0 11
780.0 20.0 11
820.0 20.0 11
860.0 20.0 11
900.0 20.0 11
940.0 20.0 11
980.0 20.0 11
1020.0 20.0 11
1060.0 20.0 11
1100.0 20.0 11
1140.0 20.0 11
1140.0 60.0 11
1100.0 60.0 11
1060.0 60.0 11
1020.0 60.0 11
980.0 60.0 11
940.0 60.0 11
900.0 60.0 11
860.0 60.0 11
820.0 60.0 11
1060.0 100.0 11
1100.0 100.0 11
1140.0 100.0 11
940.0 620.0 11
940.0 580.0 11
940.0 540.0 11
940.0 500.0 11
940.0 460.0 11
940.0 420.0 11
940.0 380.0 11
940.0 340.0 11
940.0 300.0 11
900.0 300.0 11
860.0 300.0 11
820.0 300.0 11
780.0 300.0 11
740.0 300.0 11
700.0 300.0 11
660.0 300.0 11
620.0 300.0 11
580.0 300.0 11
540.0 300.0 11
500.0 300.0 11
500.0 340.0 11
540.0 340.0 11
580.0 340.0 11
580.0 380.0 11
540.0 380.0 11
540.0 420.0 11
580.0 420.0 11
540.0 460.0 11
580.0 460.0 11
580.0 500.0 11
580.0 540.0 11
580.0 580.0 11
540.0 580.0 11
540.0 620.0 11
580.0 620.0 11
620.0 620.0 11
660.0 620.0 11
700.0 620.0 11
740.0 620.0 11
780.0 620.0 11
820.0 620.0 11
860.0 620.0 11
900.0 620.0 11
900.0 580.0 11
900.0 540.0 11
900.0 500.0 11
900.0 420.0 11
900.0 460.0 11
900.0 380.0 11
900.0 340.0 11
860.0 340.0 11
820.0 340.0 11
780.0 340.0 11
740.0 340.0 11
700.0 340.0 11
660.0 340.0 11
620.0 340.0 11
620.0 380.0 11
620.0 420.0 11
620.0 460.0 11
620.0 500.0 11
620.0 540.0 11
620.0 580.0 11
660.0 580.0 11
700.0 580.0 11
740.0 580.0 11
780.0 580.0 11
820.0 580.0 11
860.0 580.0 11
860.0 540.0 11
820.0 540.0 11
780.0 540.0 11
740.0 540.0 11
700.0 540.0 11
660.0 540.0 11
660.0 500.0 11
700.0 500.0 11
740.0 500.0 11
780.0 500.0 11
820.0 500.0 11
860.0 500.0 11
820.0 460.0 11
860.0 460.0 11
860.0 420.0 11
820.0 420.0 11
820.0 380.0 11
860.0 380.0 11
780.0 380.0 11
780.0 420.0 11
780.0 460.0 11
740.0 460.0 11
700.0 460.0 11
660.0 460.0 11
660.0 420.0 11
700.0 420.0 11
740.0 420.0 11
740.0 380.0 11
700.0 380.0 11
660.0 380.0 11
740.0 260.0 22
