20.0 860.0 12
20.0 820.0 12
60.0 860.0 13
20.0 780.0 13
60.0 820.0 6
20.0 740.0 15
20.0 700.0 9
20.0 100.0 0
20.0 140.0 2
60.0 100.0 0
60.0 140.0 2
60.0 180.0 6
20.0 180.0 8
60.0 220.0 9
20.0 220.0 12
20.0 260.0 13
60.0 300.0 13
60.0 380.0 13
60.0 460.0 13
20.0 500.0 13
60.0 500.0 14
20.0 460.0 14
20.0 380.0 14
60.0 340.0 14
20.0 340.0 15
60.0 260.0 15
20.0 300.0 15
60.0 420.0 15
20.0 420.0 15
20.0 580.0 17
20.0 540.0 18
60.0 540.0 9
60.0 580.0 9
60.0 780.0 1
60.0 740.0 1
60.0 700.0 1
60.0 660.0 6
60.0 620.0 2
20.0 660.0 11
20.0 620.0 13
100.0 820.0 1
140.0 820.0 1
180.0 820.0 1
220.0 820.0 1
260.0 820.0 1
300.0 820.0 1
180.0 860.0 6
260.0 860.0 7
300.0 860.0 10
220.0 860.0 11
220.0 860.0 2
340.0 780.0 0
340.0 820.0 2
340.0 860.0 11
380.0 860.0 13
380.0 780.0 0
420.0 780.0 0
460.0 780.0 1
500.0 780.0 1
540.0 780.0 1
580.0 780.0 1
620.0 780.0 1
660.0 780.0 1
700.0 780.0 1
740.0 780.0 1
380.0 820.0 13
420.0 820.0 13
420.0 860.0 14
460.0 820.0 2
500.0 820.0 2
540.0 820.0 3
580.0 820.0 4
580.0 860.0 8
540.0 860.0 12
460.0 860.0 12
500.0 860.0 14
620.0 860.0 15
620.0 820.0 15
660.0 820.0 16
700.0 860.0 16
700.0 820.0 18
740.0 860.0 18
660.0 860.0 13
740.0 820.0 8
1340.0 100.0 0
1300.0 100.0 0
1300.0 140.0 1
1300.0 180.0 2
1300.0 220.0 7
1300.0 260.0 11
1300.0 300.0 13
1300.0 340.0 14
1300.0 380.0 15
1300.0 420.0 15
1340.0 500.0 16
1340.0 460.0 19
1260.0 660.0 0
1300.0 620.0 4
1300.0 500.0 4
1300.0 540.0 5
1300.0 460.0 0
1300.0 580.0 2
1300.0 660.0 2
1220.0 660.0 0
1180.0 660.0 1
1140.0 660.0 1
1060.0 660.0 13
980.0 660.0 15
780.0 780.0 0
900.0 780.0 0
820.0 780.0 1
860.0 780.0 1
1020.0 700.0 12
980.0 740.0 13
980.0 700.0 14
1020.0 660.0 14
1100.0 660.0 1
1100.0 700.0 2
1140.0 700.0 2
1180.0 700.0 2
1220.0 700.0 2
1260.0 700.0 2
1300.0 700.0 7
1260.0 740.0 7
1220.0 780.0 7
1180.0 820.0 7
1140.0 860.0 7
940.0 780.0 0
1020.0 740.0 20
1060.0 700.0 20
140.0 860.0 11
100.0 860.0 13
1060.0 740.0 2
1020.0 780.0 2
1220.0 740.0 3
1140.0 780.0 4
1060.0 820.0 5
1300.0 860.0 19
1340.0 820.0 19
1180.0 740.0 2
1180.0 780.0 2
1140.0 820.0 2
1100.0 820.0 2
1100.0 780.0 2
1060.0 780.0 2
1100.0 740.0 2
1140.0 740.0 2
980.0 820.0 2
1020.0 820.0 2
1060.0 860.0 12
980.0 860.0 13
1020.0 860.0 14
940.0 860.0 15
820.0 860.0 15
860.0 860.0 15
900.0 860.0 15
1100.0 860.0 2
940.0 820.0 10
900.0 820.0 11
780.0 860.0 11
820.0 820.0 12
860.0 820.0 13
780.0 820.0 13
1180.0 860.0 13
1260.0 820.0 13
1300.0 780.0 14
1220.0 860.0 14
1260.0 860.0 15
1220.0 820.0 15
1260.0 780.0 15
1300.0 740.0 11
1300.0 820.0 11
1340.0 740.0 11
1340.0 780.0 12
1340.0 700.0 13
1340.0 540.0 13
1340.0 340.0 12
1340.0 300.0 12
1340.0 260.0 12
1340.0 220.0 13
1340.0 380.0 13
1340.0 420.0 13
1340.0 580.0 14
1340.0 660.0 14
1340.0 620.0 14
1340.0 180.0 15
1340.0 860.0 17
1340.0 140.0 8
980.0 780.0 3
620.0 540.0 13
700.0 540.0 14
780.0 540.0 15
780.0 460.0 15
460.0 540.0 18
460.0 460.0 0
540.0 460.0 0
580.0 460.0 0
660.0 460.0 0
740.0 460.0 0
700.0 460.0 1
620.0 460.0 1
500.0 460.0 1
500.0 500.0 3
740.0 500.0 7
660.0 540.0 8
580.0 540.0 12
500.0 540.0 15
540.0 500.0 2
580.0 500.0 2
620.0 500.0 2
660.0 500.0 2
700.0 500.0 2
460.0 500.0 9
740.0 540.0 11
540.0 540.0 14
780.0 500.0 11
620.0 420.0 22
